KEYWORD   ARPES
TITLE     SPR-KKR-ASA calculation for System:
SYSTEM    System:
NQ_eff             6
NT_eff             3
          
NE               300
IREL               3
EFERMI       0.33578
INFO      SPR-KKR-ASA
          
   IQ  NLQ 
    1    4
    2    4
    3    4
    4    4
    5    4
    6    4
   IT       TXT_T      CONC  NAT IQAT
    1 Mo               1.00000    2    1    2
    2 Se_1             1.00000    2    3    5
    3 Se_2             1.00000    2    4    6
NT                 1
NP                 1
#Decription of the columns
#1.-Theta, 2.-Energy
#3.-Total Intensity, 4.-Spin up
#5.-Spin down, 6.-Spin pol.
#7.-k_paralel (1/A), 8.-determinant
#######################
     0.00000E+00     0.50000E+01     0.44950E-06     0.22516E-06     0.22434E-06     0.18273E-02     0.00000E+00     0.22403E-01
     0.00000E+00     0.49565E+01     0.47906E-06     0.23925E-06     0.23982E-06    -0.11930E-02     0.00000E+00     0.20300E-01
     0.00000E+00     0.49130E+01     0.52546E-06     0.26162E-06     0.26384E-06    -0.42164E-02     0.00000E+00     0.18167E-01
     0.00000E+00     0.48696E+01     0.60129E-06     0.29857E-06     0.30272E-06    -0.69063E-02     0.00000E+00     0.16014E-01
     0.00000E+00     0.48261E+01     0.73243E-06     0.36305E-06     0.36938E-06    -0.86382E-02     0.00000E+00     0.13871E-01
     0.00000E+00     0.47826E+01     0.97275E-06     0.48232E-06     0.49043E-06    -0.83418E-02     0.00000E+00     0.11865E-01
     0.00000E+00     0.47391E+01     0.13790E-05     0.68624E-06     0.69278E-06    -0.47437E-02     0.00000E+00     0.10470E-01
     0.00000E+00     0.46957E+01     0.17677E-05     0.88444E-06     0.88328E-06     0.65536E-03     0.00000E+00     0.10154E-01
     0.00000E+00     0.46522E+01     0.19886E-05     0.99930E-06     0.98932E-06     0.50168E-02     0.00000E+00     0.10143E-01
     0.00000E+00     0.46087E+01     0.21219E-05     0.10698E-05     0.10521E-05     0.83321E-02     0.00000E+00     0.99883E-02
     0.00000E+00     0.45652E+01     0.22174E-05     0.11209E-05     0.10965E-05     0.10988E-01     0.00000E+00     0.96553E-02
     0.00000E+00     0.45217E+01     0.22951E-05     0.11627E-05     0.11324E-05     0.13197E-01     0.00000E+00     0.91714E-02
     0.00000E+00     0.44783E+01     0.23646E-05     0.12001E-05     0.11645E-05     0.15076E-01     0.00000E+00     0.85661E-02
     0.00000E+00     0.44348E+01     0.24313E-05     0.12360E-05     0.11954E-05     0.16691E-01     0.00000E+00     0.78647E-02
     0.00000E+00     0.43913E+01     0.24994E-05     0.12723E-05     0.12271E-05     0.18082E-01     0.00000E+00     0.70886E-02
     0.00000E+00     0.43478E+01     0.25723E-05     0.13109E-05     0.12614E-05     0.19269E-01     0.00000E+00     0.62580E-02
     0.00000E+00     0.43043E+01     0.26542E-05     0.13540E-05     0.13002E-05     0.20262E-01     0.00000E+00     0.53925E-02
     0.00000E+00     0.42609E+01     0.27506E-05     0.14043E-05     0.13464E-05     0.21057E-01     0.00000E+00     0.45130E-02
     0.00000E+00     0.42174E+01     0.28702E-05     0.14662E-05     0.14040E-05     0.21647E-01     0.00000E+00     0.36423E-02
     0.00000E+00     0.41739E+01     0.14291E-05     0.74417E-06     0.68492E-06     0.41461E-01     0.00000E+00     0.39495E-02
     0.00000E+00     0.41304E+01     0.29070E-05     0.15906E-05     0.13165E-05     0.94289E-01     0.00000E+00     0.14976E-03
     0.00000E+00     0.40870E+01     0.21095E-05     0.10880E-05     0.10214E-05     0.31556E-01     0.00000E+00     0.33344E-02
     0.00000E+00     0.40435E+01     0.68753E-05     0.34473E-05     0.34281E-05     0.27935E-02     0.00000E+00     0.21557E-03
     0.00000E+00     0.40000E+01     0.49249E-05     0.24914E-05     0.24335E-05     0.11739E-01     0.00000E+00     0.17288E-02
     0.00000E+00     0.39565E+01     0.66952E-05     0.34281E-05     0.32671E-05     0.24043E-01     0.00000E+00     0.74696E-03
     0.00000E+00     0.39130E+01     0.12898E-04     0.66432E-05     0.62549E-05     0.30108E-01     0.00000E+00     0.11371E-03
     0.00000E+00     0.38696E+01     0.17997E-04     0.93025E-05     0.86949E-05     0.33761E-01     0.00000E+00     0.23197E-04
     0.00000E+00     0.38261E+01     0.11610E-04     0.60841E-05     0.55260E-05     0.48071E-01     0.00000E+00     0.15199E-04
     0.00000E+00     0.37826E+01     0.15245E-04     0.75755E-05     0.76696E-05    -0.61713E-02     0.00000E+00     0.34640E-04
     0.00000E+00     0.37391E+01     0.10057E-04     0.49133E-05     0.51438E-05    -0.22917E-01     0.00000E+00     0.36008E-02
     0.00000E+00     0.36957E+01     0.10494E-04     0.51028E-05     0.53910E-05    -0.27465E-01     0.00000E+00     0.84111E-01
     0.00000E+00     0.36522E+01     0.15368E-04     0.74849E-05     0.78834E-05    -0.25928E-01     0.00000E+00     0.16533E+00
     0.00000E+00     0.36087E+01     0.18459E-04     0.89974E-05     0.94616E-05    -0.25146E-01     0.00000E+00     0.16645E+00
     0.00000E+00     0.35652E+01     0.11826E-04     0.57434E-05     0.60823E-05    -0.28654E-01     0.00000E+00     0.80606E+00
     0.00000E+00     0.35217E+01     0.65608E-05     0.32029E-05     0.33579E-05    -0.23618E-01     0.00000E+00     0.70836E+01
     0.00000E+00     0.34783E+01     0.44714E-05     0.22004E-05     0.22711E-05    -0.15805E-01     0.00000E+00     0.68842E+02
     0.00000E+00     0.34348E+01     0.40706E-05     0.20145E-05     0.20562E-05    -0.10244E-01     0.00000E+00     0.52678E+03
     0.00000E+00     0.33913E+01     0.34663E-05     0.17194E-05     0.17469E-05    -0.79396E-02     0.00000E+00     0.17122E+04
     0.00000E+00     0.33478E+01     0.26503E-05     0.13218E-05     0.13284E-05    -0.24758E-02     0.00000E+00     0.10193E+04
     0.00000E+00     0.33043E+01     0.26879E-05     0.13505E-05     0.13374E-05     0.48712E-02     0.00000E+00     0.33088E+03
     0.00000E+00     0.32609E+01     0.19367E-05     0.97311E-06     0.96363E-06     0.48951E-02     0.00000E+00     0.14302E+03
     0.00000E+00     0.32174E+01     0.11740E-05     0.58855E-06     0.58543E-06     0.26598E-02     0.00000E+00     0.69430E+02
     0.00000E+00     0.31739E+01     0.83245E-06     0.41713E-06     0.41532E-06     0.21821E-02     0.00000E+00     0.37258E+02
     0.00000E+00     0.31304E+01     0.65866E-06     0.33038E-06     0.32829E-06     0.31739E-02     0.00000E+00     0.21871E+02
     0.00000E+00     0.30870E+01     0.55454E-06     0.27866E-06     0.27589E-06     0.49967E-02     0.00000E+00     0.13694E+02
     0.00000E+00     0.30435E+01     0.48541E-06     0.24447E-06     0.24094E-06     0.72701E-02     0.00000E+00     0.89721E+01
     0.00000E+00     0.30000E+01     0.43658E-06     0.22043E-06     0.21616E-06     0.97806E-02     0.00000E+00     0.60712E+01
     0.00000E+00     0.29565E+01     0.40081E-06     0.20289E-06     0.19792E-06     0.12400E-01     0.00000E+00     0.42038E+01
     0.00000E+00     0.29130E+01     0.37408E-06     0.18985E-06     0.18423E-06     0.15042E-01     0.00000E+00     0.29588E+01
     0.00000E+00     0.28696E+01     0.35397E-06     0.18011E-06     0.17386E-06     0.17647E-01     0.00000E+00     0.21062E+01
     0.00000E+00     0.28261E+01     0.33894E-06     0.17289E-06     0.16605E-06     0.20168E-01     0.00000E+00     0.15105E+01
     0.00000E+00     0.27826E+01     0.32797E-06     0.16768E-06     0.16028E-06     0.22571E-01     0.00000E+00     0.10879E+01
     0.00000E+00     0.27391E+01     0.32036E-06     0.16416E-06     0.15620E-06     0.24826E-01     0.00000E+00     0.78493E+00
     0.00000E+00     0.26957E+01     0.31564E-06     0.16207E-06     0.15357E-06     0.26911E-01     0.00000E+00     0.56599E+00
     0.00000E+00     0.26522E+01     0.31349E-06     0.16126E-06     0.15223E-06     0.28809E-01     0.00000E+00     0.40707E+00
     0.00000E+00     0.26087E+01     0.31371E-06     0.16164E-06     0.15207E-06     0.30504E-01     0.00000E+00     0.29147E+00
     0.00000E+00     0.25652E+01     0.31616E-06     0.16314E-06     0.15302E-06     0.31987E-01     0.00000E+00     0.20741E+00
     0.00000E+00     0.25217E+01     0.32082E-06     0.16575E-06     0.15508E-06     0.33250E-01     0.00000E+00     0.14641E+00
     0.00000E+00     0.24783E+01     0.32772E-06     0.16948E-06     0.15824E-06     0.34288E-01     0.00000E+00     0.10235E+00
     0.00000E+00     0.24348E+01     0.33696E-06     0.17439E-06     0.16257E-06     0.35097E-01     0.00000E+00     0.70721E-01
     0.00000E+00     0.23913E+01     0.34872E-06     0.18058E-06     0.16814E-06     0.35676E-01     0.00000E+00     0.48202E-01
     0.00000E+00     0.23478E+01     0.36326E-06     0.18817E-06     0.17509E-06     0.36022E-01     0.00000E+00     0.32336E-01
     0.00000E+00     0.23043E+01     0.38095E-06     0.19736E-06     0.18359E-06     0.36134E-01     0.00000E+00     0.21299E-01
     0.00000E+00     0.22609E+01     0.40230E-06     0.20839E-06     0.19390E-06     0.36010E-01     0.00000E+00     0.13736E-01
     0.00000E+00     0.22174E+01     0.42799E-06     0.22163E-06     0.20637E-06     0.35646E-01     0.00000E+00     0.86445E-02
     0.00000E+00     0.21739E+01     0.45899E-06     0.23753E-06     0.22145E-06     0.35034E-01     0.00000E+00     0.52890E-02
     0.00000E+00     0.21304E+01     0.49660E-06     0.25678E-06     0.23982E-06     0.34160E-01     0.00000E+00     0.31314E-02
     0.00000E+00     0.20870E+01     0.54269E-06     0.28030E-06     0.26239E-06     0.33005E-01     0.00000E+00     0.17839E-02
     0.00000E+00     0.20435E+01     0.60003E-06     0.30947E-06     0.29055E-06     0.31536E-01     0.00000E+00     0.97105E-03
     0.00000E+00     0.20000E+01     0.67280E-06     0.34639E-06     0.32641E-06     0.29700E-01     0.00000E+00     0.50050E-03
     0.00000E+00     0.19565E+01     0.76775E-06     0.39440E-06     0.37335E-06     0.27413E-01     0.00000E+00     0.24138E-03
     0.00000E+00     0.19130E+01     0.89632E-06     0.45916E-06     0.43717E-06     0.24538E-01     0.00000E+00     0.10719E-03
     0.00000E+00     0.18696E+01     0.10796E-05     0.55106E-06     0.52855E-06     0.20844E-01     0.00000E+00     0.42841E-04
     0.00000E+00     0.18261E+01     0.13606E-05     0.69114E-06     0.66947E-06     0.15925E-01     0.00000E+00     0.14891E-04
     0.00000E+00     0.17826E+01     0.18401E-05     0.92836E-06     0.91175E-06     0.90229E-02     0.00000E+00     0.42606E-05
     0.00000E+00     0.17391E+01     0.28068E-05     0.14014E-05     0.14054E-05    -0.14237E-02     0.00000E+00     0.90899E-06
     0.00000E+00     0.16957E+01     0.53997E-05     0.26481E-05     0.27517E-05    -0.19185E-01     0.00000E+00     0.11735E-06
     0.00000E+00     0.16522E+01     0.17916E-04     0.84523E-05     0.94641E-05    -0.56475E-01     0.00000E+00     0.51397E-08
     0.00000E+00     0.16087E+01     0.13649E-03     0.69716E-04     0.66778E-04     0.21522E-01     0.00000E+00     0.46628E-10
     0.00000E+00     0.15652E+01     0.18442E-04     0.96716E-05     0.87704E-05     0.48864E-01     0.00000E+00     0.16870E-08
     0.00000E+00     0.15217E+01     0.71946E-05     0.36435E-05     0.35510E-05     0.12854E-01     0.00000E+00     0.96095E-08
     0.00000E+00     0.14783E+01     0.55228E-05     0.27608E-05     0.27620E-05    -0.22287E-03     0.00000E+00     0.17203E-07
     0.00000E+00     0.14348E+01     0.60991E-05     0.30324E-05     0.30668E-05    -0.56381E-02     0.00000E+00     0.15389E-07
     0.00000E+00     0.13913E+01     0.86992E-05     0.43120E-05     0.43872E-05    -0.86384E-02     0.00000E+00     0.74047E-08
     0.00000E+00     0.13478E+01     0.15762E-04     0.77956E-05     0.79664E-05    -0.10840E-01     0.00000E+00     0.17880E-08
     0.00000E+00     0.13043E+01     0.32533E-04     0.16057E-04     0.16476E-04    -0.12860E-01     0.00000E+00     0.27526E-09
     0.00000E+00     0.12609E+01     0.41251E-04     0.20239E-04     0.21012E-04    -0.18750E-01     0.00000E+00     0.20693E-09
     0.00000E+00     0.12174E+01     0.33071E-04     0.16069E-04     0.17002E-04    -0.28209E-01     0.00000E+00     0.25786E-08
     0.00000E+00     0.11739E+01     0.16397E-04     0.79355E-05     0.84611E-05    -0.32055E-01     0.00000E+00     0.18160E-06
     0.00000E+00     0.11304E+01     0.93699E-05     0.45375E-05     0.48324E-05    -0.31471E-01     0.00000E+00     0.96390E-05
     0.00000E+00     0.10870E+01     0.68241E-05     0.33161E-05     0.35081E-05    -0.28137E-01     0.00000E+00     0.32107E-03
     0.00000E+00     0.10435E+01     0.60407E-05     0.29504E-05     0.30903E-05    -0.23155E-01     0.00000E+00     0.83728E-02
     0.00000E+00     0.10000E+01     0.62472E-05     0.30683E-05     0.31789E-05    -0.17694E-01     0.00000E+00     0.21114E+00
     0.00000E+00     0.95652E+00     0.73634E-05     0.36350E-05     0.37284E-05    -0.12695E-01     0.00000E+00     0.63606E+01
     0.00000E+00     0.91304E+00     0.97946E-05     0.48549E-05     0.49397E-05    -0.86614E-02     0.00000E+00     0.27770E+03
     0.00000E+00     0.86957E+00     0.14812E-04     0.73634E-05     0.74482E-05    -0.57236E-02     0.00000E+00     0.10466E+05
     0.00000E+00     0.82609E+00     0.26195E-04     0.13048E-04     0.13147E-04    -0.38023E-02     0.00000E+00     0.10100E+15
     0.00000E+00     0.78261E+00     0.56083E-04     0.27965E-04     0.28118E-04    -0.27197E-02     0.00000E+00     0.10376E+04
     0.00000E+00     0.73913E+00     0.11757E-03     0.58659E-04     0.58909E-04    -0.21280E-02     0.00000E+00     0.49270E+02
     0.00000E+00     0.69565E+00     0.90708E-04     0.45269E-04     0.45439E-04    -0.18772E-02     0.00000E+00     0.36403E+02
     0.00000E+00     0.65217E+00     0.39962E-04     0.19936E-04     0.20026E-04    -0.22650E-02     0.00000E+00     0.15834E+03
     0.00000E+00     0.60870E+00     0.21235E-04     0.10589E-04     0.10646E-04    -0.26689E-02     0.00000E+00     0.61235E+03
     0.00000E+00     0.56522E+00     0.13928E-04     0.69453E-05     0.69828E-05    -0.26943E-02     0.00000E+00     0.95963E+03
     0.00000E+00     0.52174E+00     0.10214E-04     0.50946E-05     0.51189E-05    -0.23797E-02     0.00000E+00     0.87987E+03
     0.00000E+00     0.47826E+00     0.81152E-05     0.40503E-05     0.40649E-05    -0.17889E-02     0.00000E+00     0.69714E+03
     0.00000E+00     0.43478E+00     0.68608E-05     0.34269E-05     0.34339E-05    -0.10126E-02     0.00000E+00     0.53692E+03
     0.00000E+00     0.39130E+00     0.60648E-05     0.30320E-05     0.30328E-05    -0.13832E-03     0.00000E+00     0.41492E+03
     0.00000E+00     0.34783E+00     0.55328E-05     0.27685E-05     0.27643E-05     0.76375E-03     0.00000E+00     0.32456E+03
     0.00000E+00     0.30435E+00     0.51660E-05     0.25873E-05     0.25787E-05     0.16586E-02     0.00000E+00     0.25727E+03
     0.00000E+00     0.26087E+00     0.49213E-05     0.24668E-05     0.24544E-05     0.25132E-02     0.00000E+00     0.20593E+03
     0.00000E+00     0.21739E+00     0.47957E-05     0.24056E-05     0.23901E-05     0.32206E-02     0.00000E+00     0.16582E+03
     0.00000E+00     0.17391E+00     0.48500E-05     0.24333E-05     0.24167E-05     0.34223E-02     0.00000E+00     0.13376E+03
     0.00000E+00     0.13043E+00     0.53255E-05     0.26682E-05     0.26573E-05     0.20552E-02     0.00000E+00     0.10754E+03
     0.00000E+00     0.86957E-01     0.64926E-05     0.32425E-05     0.32501E-05    -0.11662E-02     0.00000E+00     0.85463E+02
     0.00000E+00     0.43478E-01     0.60799E-05     0.30475E-05     0.30325E-05     0.24663E-02     0.00000E+00     0.67063E+02
     0.00000E+00     0.88818E-15     0.53379E-05     0.26997E-05     0.26382E-05     0.11529E-01     0.00000E+00     0.52372E+02
     0.00000E+00    -0.43478E-01     0.54496E-05     0.27826E-05     0.26670E-05     0.21224E-01     0.00000E+00     0.41147E+02
     0.00000E+00    -0.86957E-01     0.61678E-05     0.31798E-05     0.29880E-05     0.31099E-01     0.00000E+00     0.37041E+02
     0.00000E+00    -0.13043E+00     0.60932E-05     0.31150E-05     0.29782E-05     0.22443E-01     0.00000E+00     0.41035E+02
     0.00000E+00    -0.17391E+00     0.49605E-05     0.24770E-05     0.24834E-05    -0.12907E-02     0.00000E+00     0.23637E+02
     0.00000E+00    -0.21739E+00     0.38716E-05     0.19117E-05     0.19599E-05    -0.12436E-01     0.00000E+00     0.11319E+02
     0.00000E+00    -0.26087E+00     0.35828E-05     0.17652E-05     0.18177E-05    -0.14652E-01     0.00000E+00     0.50743E+01
     0.00000E+00    -0.30435E+00     0.38510E-05     0.19011E-05     0.19499E-05    -0.12690E-01     0.00000E+00     0.18500E+01
     0.00000E+00    -0.34783E+00     0.49471E-05     0.24538E-05     0.24932E-05    -0.79653E-02     0.00000E+00     0.46752E+00
     0.00000E+00    -0.39130E+00     0.81472E-05     0.40730E-05     0.40742E-05    -0.14396E-03     0.00000E+00     0.84455E-01
     0.00000E+00    -0.43478E+00     0.11412E-04     0.57793E-05     0.56330E-05     0.12823E-01     0.00000E+00     0.90031E-01
     0.00000E+00    -0.47826E+00     0.73132E-05     0.37071E-05     0.36061E-05     0.13814E-01     0.00000E+00     0.12117E+02
     0.00000E+00    -0.52174E+00     0.50495E-05     0.25389E-05     0.25106E-05     0.56039E-02     0.00000E+00     0.75471E+04
     0.00000E+00    -0.56522E+00     0.40100E-05     0.20115E-05     0.19985E-05     0.32537E-02     0.00000E+00     0.63945E+06
     0.00000E+00    -0.60870E+00     0.34844E-05     0.17416E-05     0.17428E-05    -0.33242E-03     0.00000E+00     0.45586E+06
     0.00000E+00    -0.65217E+00     0.32832E-05     0.16337E-05     0.16495E-05    -0.48109E-02     0.00000E+00     0.97602E+05
     0.00000E+00    -0.69565E+00     0.33529E-05     0.16593E-05     0.16936E-05    -0.10234E-01     0.00000E+00     0.29912E+05
     0.00000E+00    -0.73913E+00     0.38562E-05     0.18964E-05     0.19598E-05    -0.16444E-01     0.00000E+00     0.13255E+05
     0.00000E+00    -0.78261E+00     0.52892E-05     0.25938E-05     0.26954E-05    -0.19211E-01     0.00000E+00     0.78256E+04
     0.00000E+00    -0.82609E+00     0.65960E-05     0.32589E-05     0.33371E-05    -0.11849E-01     0.00000E+00     0.50754E+04
     0.00000E+00    -0.86957E+00     0.54055E-05     0.26908E-05     0.27146E-05    -0.44055E-02     0.00000E+00     0.29559E+04
     0.00000E+00    -0.91304E+00     0.32825E-05     0.16446E-05     0.16379E-05     0.20347E-02     0.00000E+00     0.19394E+04
     0.00000E+00    -0.95652E+00     0.23830E-05     0.11994E-05     0.11836E-05     0.66021E-02     0.00000E+00     0.14251E+04
     0.00000E+00    -0.10000E+01     0.19891E-05     0.10035E-05     0.98568E-06     0.89351E-02     0.00000E+00     0.11126E+04
     0.00000E+00    -0.10435E+01     0.17676E-05     0.89267E-06     0.87491E-06     0.10049E-01     0.00000E+00     0.90207E+03
     0.00000E+00    -0.10870E+01     0.16146E-05     0.81586E-06     0.79873E-06     0.10611E-01     0.00000E+00     0.75131E+03
     0.00000E+00    -0.11304E+01     0.14929E-05     0.75461E-06     0.73827E-06     0.10942E-01     0.00000E+00     0.63863E+03
     0.00000E+00    -0.11739E+01     0.13869E-05     0.70122E-06     0.68570E-06     0.11194E-01     0.00000E+00     0.55166E+03
     0.00000E+00    -0.12174E+01     0.12895E-05     0.65213E-06     0.63737E-06     0.11440E-01     0.00000E+00     0.48278E+03
     0.00000E+00    -0.12609E+01     0.11971E-05     0.60555E-06     0.59152E-06     0.11719E-01     0.00000E+00     0.42707E+03
     0.00000E+00    -0.13043E+01     0.11079E-05     0.56061E-06     0.54726E-06     0.12055E-01     0.00000E+00     0.38119E+03
     0.00000E+00    -0.13478E+01     0.10211E-05     0.51692E-06     0.50419E-06     0.12465E-01     0.00000E+00     0.34283E+03
     0.00000E+00    -0.13913E+01     0.93659E-06     0.47436E-06     0.46222E-06     0.12961E-01     0.00000E+00     0.31034E+03
     0.00000E+00    -0.14348E+01     0.85441E-06     0.43299E-06     0.42141E-06     0.13558E-01     0.00000E+00     0.28250E+03
     0.00000E+00    -0.14783E+01     0.77494E-06     0.39300E-06     0.38194E-06     0.14270E-01     0.00000E+00     0.25841E+03
     0.00000E+00    -0.15217E+01     0.69869E-06     0.35463E-06     0.34407E-06     0.15112E-01     0.00000E+00     0.23737E+03
     0.00000E+00    -0.15652E+01     0.62628E-06     0.31818E-06     0.30810E-06     0.16097E-01     0.00000E+00     0.21885E+03
     0.00000E+00    -0.16087E+01     0.55838E-06     0.28400E-06     0.27437E-06     0.17238E-01     0.00000E+00     0.20244E+03
     0.00000E+00    -0.16522E+01     0.49568E-06     0.25244E-06     0.24324E-06     0.18540E-01     0.00000E+00     0.18780E+03
     0.00000E+00    -0.16957E+01     0.43892E-06     0.22385E-06     0.21507E-06     0.19992E-01     0.00000E+00     0.17467E+03
     0.00000E+00    -0.17391E+01     0.38881E-06     0.19860E-06     0.19022E-06     0.21555E-01     0.00000E+00     0.16284E+03
     0.00000E+00    -0.17826E+01     0.34608E-06     0.17705E-06     0.16904E-06     0.23143E-01     0.00000E+00     0.15212E+03
     0.00000E+00    -0.18261E+01     0.31144E-06     0.15955E-06     0.15189E-06     0.24603E-01     0.00000E+00     0.14237E+03
     0.00000E+00    -0.18696E+01     0.28558E-06     0.14646E-06     0.13912E-06     0.25710E-01     0.00000E+00     0.13347E+03
     0.00000E+00    -0.19130E+01     0.26913E-06     0.13809E-06     0.13104E-06     0.26182E-01     0.00000E+00     0.12535E+03
     0.00000E+00    -0.19565E+01     0.26282E-06     0.13480E-06     0.12802E-06     0.25816E-01     0.00000E+00     0.11786E+03
     0.00000E+00    -0.20000E+01     0.26730E-06     0.13693E-06     0.13037E-06     0.24555E-01     0.00000E+00     0.11096E+03
     0.00000E+00    -0.20435E+01     0.28317E-06     0.14478E-06     0.13839E-06     0.22553E-01     0.00000E+00     0.10458E+03
     0.00000E+00    -0.20870E+01     0.31094E-06     0.15860E-06     0.15234E-06     0.20127E-01     0.00000E+00     0.98674E+02
     0.00000E+00    -0.21304E+01     0.35104E-06     0.17861E-06     0.17243E-06     0.17624E-01     0.00000E+00     0.93188E+02
     0.00000E+00    -0.21739E+01     0.40368E-06     0.20493E-06     0.19875E-06     0.15302E-01     0.00000E+00     0.88085E+02
     0.00000E+00    -0.22174E+01     0.46880E-06     0.23752E-06     0.23128E-06     0.13301E-01     0.00000E+00     0.83328E+02
     0.00000E+00    -0.22609E+01     0.54593E-06     0.27615E-06     0.26978E-06     0.11662E-01     0.00000E+00     0.78888E+02
     0.00000E+00    -0.23043E+01     0.63404E-06     0.32031E-06     0.31373E-06     0.10365E-01     0.00000E+00     0.74736E+02
     0.00000E+00    -0.23478E+01     0.73142E-06     0.36914E-06     0.36229E-06     0.93646E-02     0.00000E+00     0.70848E+02
     0.00000E+00    -0.23913E+01     0.83555E-06     0.42137E-06     0.41418E-06     0.86063E-02     0.00000E+00     0.67204E+02
     0.00000E+00    -0.24348E+01     0.94302E-06     0.47530E-06     0.46772E-06     0.80392E-02     0.00000E+00     0.63785E+02
     0.00000E+00    -0.24783E+01     0.10496E-05     0.52878E-06     0.52079E-06     0.76179E-02     0.00000E+00     0.60574E+02
     0.00000E+00    -0.25217E+01     0.11503E-05     0.57934E-06     0.57094E-06     0.73033E-02     0.00000E+00     0.57557E+02
     0.00000E+00    -0.25652E+01     0.12398E-05     0.62430E-06     0.61555E-06     0.70612E-02     0.00000E+00     0.54722E+02
     0.00000E+00    -0.26087E+01     0.13130E-05     0.66099E-06     0.65198E-06     0.68606E-02     0.00000E+00     0.52058E+02
     0.00000E+00    -0.26522E+01     0.13648E-05     0.68693E-06     0.67782E-06     0.66721E-02     0.00000E+00     0.49556E+02
     0.00000E+00    -0.26957E+01     0.13911E-05     0.70003E-06     0.69103E-06     0.64654E-02     0.00000E+00     0.47210E+02
     0.00000E+00    -0.27391E+01     0.13885E-05     0.69857E-06     0.68996E-06     0.62060E-02     0.00000E+00     0.45015E+02
     0.00000E+00    -0.27826E+01     0.13543E-05     0.68113E-06     0.67321E-06     0.58499E-02     0.00000E+00     0.42967E+02
     0.00000E+00    -0.28261E+01     0.12855E-05     0.64617E-06     0.63932E-06     0.53324E-02     0.00000E+00     0.41063E+02
     0.00000E+00    -0.28696E+01     0.11776E-05     0.59146E-06     0.58611E-06     0.45403E-02     0.00000E+00     0.39291E+02
     0.00000E+00    -0.29130E+01     0.10235E-05     0.51339E-06     0.51008E-06     0.32351E-02     0.00000E+00     0.37584E+02
     0.00000E+00    -0.29565E+01     0.82008E-06     0.41040E-06     0.40969E-06     0.86001E-03     0.00000E+00     0.35587E+02
     0.00000E+00    -0.30000E+01     0.63050E-06     0.31432E-06     0.31618E-06    -0.29518E-02     0.00000E+00     0.32061E+02
     0.00000E+00    -0.30435E+01     0.56190E-06     0.27928E-06     0.28262E-06    -0.59420E-02     0.00000E+00     0.26880E+02
     0.00000E+00    -0.30870E+01     0.58532E-06     0.29063E-06     0.29470E-06    -0.69512E-02     0.00000E+00     0.21539E+02
     0.00000E+00    -0.31304E+01     0.67476E-06     0.33517E-06     0.33959E-06    -0.65498E-02     0.00000E+00     0.16559E+02
     0.00000E+00    -0.31739E+01     0.84356E-06     0.41956E-06     0.42400E-06    -0.52606E-02     0.00000E+00     0.12055E+02
     0.00000E+00    -0.32174E+01     0.11449E-05     0.57051E-06     0.57442E-06    -0.34180E-02     0.00000E+00     0.81045E+01
     0.00000E+00    -0.32609E+01     0.17152E-05     0.85654E-06     0.85865E-06    -0.12320E-02     0.00000E+00     0.48221E+01
     0.00000E+00    -0.33043E+01     0.29337E-05     0.14686E-05     0.14651E-05     0.11764E-02     0.00000E+00     0.23619E+01
     0.00000E+00    -0.33478E+01     0.60132E-05     0.30177E-05     0.29955E-05     0.36998E-02     0.00000E+00     0.85864E+00
     0.00000E+00    -0.33913E+01     0.13730E-04     0.69009E-05     0.68294E-05     0.52067E-02     0.00000E+00     0.26269E+00
     0.00000E+00    -0.34348E+01     0.14726E-04     0.73804E-05     0.73452E-05     0.23909E-02     0.00000E+00     0.35997E+00
     0.00000E+00    -0.34783E+01     0.66624E-05     0.33365E-05     0.33259E-05     0.15957E-02     0.00000E+00     0.24418E+01
     0.00000E+00    -0.35217E+01     0.33606E-05     0.16829E-05     0.16777E-05     0.15435E-02     0.00000E+00     0.10133E+02
     0.00000E+00    -0.35652E+01     0.22923E-05     0.11468E-05     0.11455E-05     0.53652E-03     0.00000E+00     0.17647E+02
     0.00000E+00    -0.36087E+01     0.20312E-05     0.10148E-05     0.10164E-05    -0.81137E-03     0.00000E+00     0.17707E+02
     0.00000E+00    -0.36522E+01     0.19512E-05     0.97375E-06     0.97749E-06    -0.19143E-02     0.00000E+00     0.15957E+02
     0.00000E+00    -0.36957E+01     0.19032E-05     0.94892E-06     0.95433E-06    -0.28444E-02     0.00000E+00     0.14412E+02
     0.00000E+00    -0.37391E+01     0.18696E-05     0.93136E-06     0.93823E-06    -0.36782E-02     0.00000E+00     0.13123E+02
     0.00000E+00    -0.37826E+01     0.18483E-05     0.92004E-06     0.92827E-06    -0.44525E-02     0.00000E+00     0.12008E+02
     0.00000E+00    -0.38261E+01     0.18392E-05     0.91482E-06     0.92436E-06    -0.51866E-02     0.00000E+00     0.11009E+02
     0.00000E+00    -0.38696E+01     0.18422E-05     0.91566E-06     0.92651E-06    -0.58909E-02     0.00000E+00     0.10093E+02
     0.00000E+00    -0.39130E+01     0.18571E-05     0.92243E-06     0.93463E-06    -0.65688E-02     0.00000E+00     0.92388E+01
     0.00000E+00    -0.39565E+01     0.18835E-05     0.93494E-06     0.94853E-06    -0.72187E-02     0.00000E+00     0.84314E+01
     0.00000E+00    -0.40000E+01     0.19207E-05     0.95283E-06     0.96788E-06    -0.78349E-02     0.00000E+00     0.76614E+01
     0.00000E+00    -0.40435E+01     0.19677E-05     0.97556E-06     0.99211E-06    -0.84087E-02     0.00000E+00     0.69218E+01
     0.00000E+00    -0.40870E+01     0.20227E-05     0.10023E-05     0.10204E-05    -0.89302E-02     0.00000E+00     0.62070E+01
     0.00000E+00    -0.41304E+01     0.20833E-05     0.10319E-05     0.10514E-05    -0.93894E-02     0.00000E+00     0.55129E+01
     0.00000E+00    -0.41739E+01     0.21462E-05     0.10626E-05     0.10836E-05    -0.97776E-02     0.00000E+00     0.48364E+01
     0.00000E+00    -0.42174E+01     0.22070E-05     0.10924E-05     0.11146E-05    -0.10088E-01     0.00000E+00     0.41751E+01
     0.00000E+00    -0.42609E+01     0.22596E-05     0.11182E-05     0.11415E-05    -0.10318E-01     0.00000E+00     0.35285E+01
     0.00000E+00    -0.43043E+01     0.22969E-05     0.11364E-05     0.11605E-05    -0.10466E-01     0.00000E+00     0.28958E+01
     0.00000E+00    -0.43478E+01     0.23132E-05     0.11444E-05     0.11688E-05    -0.10536E-01     0.00000E+00     0.22785E+01
     0.00000E+00    -0.43913E+01     0.22983E-05     0.11370E-05     0.11612E-05    -0.10528E-01     0.00000E+00     0.16872E+01
     0.00000E+00    -0.44348E+01     0.22408E-05     0.11087E-05     0.11321E-05    -0.10444E-01     0.00000E+00     0.11380E+01
     0.00000E+00    -0.44783E+01     0.21276E-05     0.10529E-05     0.10748E-05    -0.10285E-01     0.00000E+00     0.66142E+00
     0.00000E+00    -0.45217E+01     0.19414E-05     0.96095E-06     0.98045E-06    -0.10041E-01     0.00000E+00     0.31091E+00
     0.00000E+00    -0.45652E+01     0.16585E-05     0.82125E-06     0.83729E-06    -0.96688E-02     0.00000E+00     0.15532E+00
     0.00000E+00    -0.46087E+01     0.12556E-05     0.62214E-06     0.63344E-06    -0.90033E-02     0.00000E+00     0.19339E+00
     0.00000E+00    -0.46522E+01     0.79647E-06     0.39522E-06     0.40125E-06    -0.75764E-02     0.00000E+00     0.30960E+00
     0.00000E+00    -0.46957E+01     0.50414E-06     0.25069E-06     0.25345E-06    -0.54661E-02     0.00000E+00     0.42086E+00
     0.00000E+00    -0.47391E+01     0.36493E-06     0.18183E-06     0.18310E-06    -0.34969E-02     0.00000E+00     0.52039E+00
     0.00000E+00    -0.47826E+01     0.28967E-06     0.14457E-06     0.14510E-06    -0.18538E-02     0.00000E+00     0.61035E+00
     0.00000E+00    -0.48261E+01     0.24291E-06     0.12140E-06     0.12152E-06    -0.48505E-03     0.00000E+00     0.69127E+00
     0.00000E+00    -0.48696E+01     0.21099E-06     0.10557E-06     0.10543E-06     0.67253E-03     0.00000E+00     0.76380E+00
     0.00000E+00    -0.49130E+01     0.18776E-06     0.94035E-07     0.93721E-07     0.16681E-02     0.00000E+00     0.82873E+00
     0.00000E+00    -0.49565E+01     0.17005E-06     0.85238E-07     0.84807E-07     0.25381E-02     0.00000E+00     0.88685E+00
     0.00000E+00    -0.50000E+01     0.15607E-06     0.78295E-07     0.77779E-07     0.33097E-02     0.00000E+00     0.93891E+00
     0.00000E+00    -0.50435E+01     0.14476E-06     0.72667E-07     0.72088E-07     0.40032E-02     0.00000E+00     0.98559E+00
     0.00000E+00    -0.50870E+01     0.13539E-06     0.68008E-07     0.67381E-07     0.46343E-02     0.00000E+00     0.10275E+01
     0.00000E+00    -0.51304E+01     0.12750E-06     0.64084E-07     0.63419E-07     0.52147E-02     0.00000E+00     0.10651E+01
     0.00000E+00    -0.51739E+01     0.12077E-06     0.60732E-07     0.60037E-07     0.57535E-02     0.00000E+00     0.10989E+01
     0.00000E+00    -0.52174E+01     0.11495E-06     0.57833E-07     0.57113E-07     0.62577E-02     0.00000E+00     0.11292E+01
     0.00000E+00    -0.52609E+01     0.10986E-06     0.55300E-07     0.54560E-07     0.67327E-02     0.00000E+00     0.11566E+01
     0.00000E+00    -0.53043E+01     0.10538E-06     0.53066E-07     0.52310E-07     0.71825E-02     0.00000E+00     0.11811E+01
     0.00000E+00    -0.53478E+01     0.10139E-06     0.51082E-07     0.50310E-07     0.76101E-02     0.00000E+00     0.12032E+01
     0.00000E+00    -0.53913E+01     0.97828E-07     0.49306E-07     0.48522E-07     0.80177E-02     0.00000E+00     0.12230E+01
     0.00000E+00    -0.54348E+01     0.94619E-07     0.47707E-07     0.46912E-07     0.84071E-02     0.00000E+00     0.12409E+01
     0.00000E+00    -0.54783E+01     0.91714E-07     0.46260E-07     0.45454E-07     0.87792E-02     0.00000E+00     0.12568E+01
     0.00000E+00    -0.55217E+01     0.89070E-07     0.44942E-07     0.44128E-07     0.91348E-02     0.00000E+00     0.12712E+01
     0.00000E+00    -0.55652E+01     0.86653E-07     0.43737E-07     0.42916E-07     0.94740E-02     0.00000E+00     0.12840E+01
     0.00000E+00    -0.56087E+01     0.84433E-07     0.42630E-07     0.41803E-07     0.97971E-02     0.00000E+00     0.12954E+01
     0.00000E+00    -0.56522E+01     0.82386E-07     0.41609E-07     0.40777E-07     0.10104E-01     0.00000E+00     0.13056E+01
     0.00000E+00    -0.56957E+01     0.80492E-07     0.40664E-07     0.39828E-07     0.10394E-01     0.00000E+00     0.13146E+01
     0.00000E+00    -0.57391E+01     0.78734E-07     0.39787E-07     0.38947E-07     0.10667E-01     0.00000E+00     0.13226E+01
     0.00000E+00    -0.57826E+01     0.77095E-07     0.38969E-07     0.38127E-07     0.10922E-01     0.00000E+00     0.13296E+01
     0.00000E+00    -0.58261E+01     0.75564E-07     0.38204E-07     0.37361E-07     0.11160E-01     0.00000E+00     0.13357E+01
     0.00000E+00    -0.58696E+01     0.74129E-07     0.37486E-07     0.36643E-07     0.11378E-01     0.00000E+00     0.13410E+01
     0.00000E+00    -0.59130E+01     0.72781E-07     0.36812E-07     0.35969E-07     0.11577E-01     0.00000E+00     0.13456E+01
     0.00000E+00    -0.59565E+01     0.71510E-07     0.36175E-07     0.35335E-07     0.11757E-01     0.00000E+00     0.13495E+01
     0.00000E+00    -0.60000E+01     0.70310E-07     0.35574E-07     0.34736E-07     0.11916E-01     0.00000E+00     0.13528E+01
     0.00000E+00    -0.60435E+01     0.69173E-07     0.35003E-07     0.34169E-07     0.12054E-01     0.00000E+00     0.13555E+01
     0.00000E+00    -0.60870E+01     0.68094E-07     0.34461E-07     0.33632E-07     0.12171E-01     0.00000E+00     0.13577E+01
     0.00000E+00    -0.61304E+01     0.67067E-07     0.33945E-07     0.33122E-07     0.12266E-01     0.00000E+00     0.13594E+01
     0.00000E+00    -0.61739E+01     0.66089E-07     0.33452E-07     0.32637E-07     0.12339E-01     0.00000E+00     0.13607E+01
     0.00000E+00    -0.62174E+01     0.65154E-07     0.32981E-07     0.32173E-07     0.12390E-01     0.00000E+00     0.13615E+01
     0.00000E+00    -0.62609E+01     0.64260E-07     0.32529E-07     0.31731E-07     0.12418E-01     0.00000E+00     0.13619E+01
     0.00000E+00    -0.63043E+01     0.63402E-07     0.32095E-07     0.31307E-07     0.12424E-01     0.00000E+00     0.13620E+01
     0.00000E+00    -0.63478E+01     0.62578E-07     0.31677E-07     0.30901E-07     0.12408E-01     0.00000E+00     0.13618E+01
     0.00000E+00    -0.63913E+01     0.61786E-07     0.31275E-07     0.30511E-07     0.12370E-01     0.00000E+00     0.13613E+01
     0.00000E+00    -0.64348E+01     0.61022E-07     0.30887E-07     0.30135E-07     0.12310E-01     0.00000E+00     0.13605E+01
     0.00000E+00    -0.64783E+01     0.60285E-07     0.30511E-07     0.29774E-07     0.12229E-01     0.00000E+00     0.13594E+01
     0.00000E+00    -0.65217E+01     0.59573E-07     0.30148E-07     0.29425E-07     0.12128E-01     0.00000E+00     0.13581E+01
     0.00000E+00    -0.65652E+01     0.58883E-07     0.29795E-07     0.29088E-07     0.12006E-01     0.00000E+00     0.13566E+01
     0.00000E+00    -0.66087E+01     0.58215E-07     0.29453E-07     0.28762E-07     0.11865E-01     0.00000E+00     0.13549E+01
     0.00000E+00    -0.66522E+01     0.57566E-07     0.29120E-07     0.28446E-07     0.11705E-01     0.00000E+00     0.13530E+01
     0.00000E+00    -0.66957E+01     0.56936E-07     0.28796E-07     0.28140E-07     0.11528E-01     0.00000E+00     0.13509E+01
     0.00000E+00    -0.67391E+01     0.56324E-07     0.28481E-07     0.27843E-07     0.11334E-01     0.00000E+00     0.13487E+01
     0.00000E+00    -0.67826E+01     0.55727E-07     0.28174E-07     0.27554E-07     0.11125E-01     0.00000E+00     0.13463E+01
     0.00000E+00    -0.68261E+01     0.55146E-07     0.27874E-07     0.27273E-07     0.10902E-01     0.00000E+00     0.13438E+01
     0.00000E+00    -0.68696E+01     0.54580E-07     0.27581E-07     0.26999E-07     0.10665E-01     0.00000E+00     0.13412E+01
     0.00000E+00    -0.69130E+01     0.54026E-07     0.27295E-07     0.26732E-07     0.10417E-01     0.00000E+00     0.13384E+01
     0.00000E+00    -0.69565E+01     0.53486E-07     0.27015E-07     0.26471E-07     0.10158E-01     0.00000E+00     0.13356E+01
     0.00000E+00    -0.70000E+01     0.52958E-07     0.26741E-07     0.26217E-07     0.98892E-02     0.00000E+00     0.13326E+01
     0.00000E+00    -0.70435E+01     0.52442E-07     0.26473E-07     0.25969E-07     0.96128E-02     0.00000E+00     0.13296E+01
     0.00000E+00    -0.70870E+01     0.51936E-07     0.26210E-07     0.25726E-07     0.93297E-02     0.00000E+00     0.13265E+01
     0.00000E+00    -0.71304E+01     0.51441E-07     0.25953E-07     0.25488E-07     0.90411E-02     0.00000E+00     0.13233E+01
     0.00000E+00    -0.71739E+01     0.50957E-07     0.25701E-07     0.25256E-07     0.87483E-02     0.00000E+00     0.13201E+01
     0.00000E+00    -0.72174E+01     0.50482E-07     0.25454E-07     0.25028E-07     0.84526E-02     0.00000E+00     0.13168E+01
     0.00000E+00    -0.72609E+01     0.50017E-07     0.25212E-07     0.24805E-07     0.81550E-02     0.00000E+00     0.13134E+01
     0.00000E+00    -0.73043E+01     0.49561E-07     0.24975E-07     0.24586E-07     0.78568E-02     0.00000E+00     0.13100E+01
     0.00000E+00    -0.73478E+01     0.49114E-07     0.24743E-07     0.24372E-07     0.75590E-02     0.00000E+00     0.13065E+01
     0.00000E+00    -0.73913E+01     0.48676E-07     0.24515E-07     0.24161E-07     0.72625E-02     0.00000E+00     0.13030E+01
     0.00000E+00    -0.74348E+01     0.48247E-07     0.24292E-07     0.23956E-07     0.69684E-02     0.00000E+00     0.12994E+01
     0.00000E+00    -0.74783E+01     0.47827E-07     0.24073E-07     0.23754E-07     0.66775E-02     0.00000E+00     0.12959E+01
     0.00000E+00    -0.75217E+01     0.47414E-07     0.23859E-07     0.23556E-07     0.63905E-02     0.00000E+00     0.12923E+01
     0.00000E+00    -0.75652E+01     0.47011E-07     0.23649E-07     0.23362E-07     0.61081E-02     0.00000E+00     0.12886E+01
     0.00000E+00    -0.76087E+01     0.46615E-07     0.23444E-07     0.23172E-07     0.58310E-02     0.00000E+00     0.12850E+01
     0.00000E+00    -0.76522E+01     0.46229E-07     0.23243E-07     0.22986E-07     0.55597E-02     0.00000E+00     0.12813E+01
     0.00000E+00    -0.76957E+01     0.45850E-07     0.23046E-07     0.22804E-07     0.52945E-02     0.00000E+00     0.12776E+01
     0.00000E+00    -0.77391E+01     0.45480E-07     0.22855E-07     0.22626E-07     0.50358E-02     0.00000E+00     0.12739E+01
     0.00000E+00    -0.77826E+01     0.45119E-07     0.22667E-07     0.22451E-07     0.47838E-02     0.00000E+00     0.12702E+01
     0.00000E+00    -0.78261E+01     0.44766E-07     0.22484E-07     0.22281E-07     0.45387E-02     0.00000E+00     0.12664E+01
     0.00000E+00    -0.78696E+01     0.44422E-07     0.22306E-07     0.22115E-07     0.43005E-02     0.00000E+00     0.12627E+01
     0.00000E+00    -0.79130E+01     0.44086E-07     0.22133E-07     0.21953E-07     0.40691E-02     0.00000E+00     0.12589E+01
     0.00000E+00    -0.79565E+01     0.43760E-07     0.21964E-07     0.21796E-07     0.38445E-02     0.00000E+00     0.12552E+01
     0.00000E+00    -0.80000E+01     0.43442E-07     0.21800E-07     0.21642E-07     0.36262E-02     0.00000E+00     0.12514E+01
